0
0
0
0
0
0
0
0
0
0
0
0
0
0
0
0
0
0
2
5
10
17
23
38
52
67
83
116
171
387
1140
2017
3452
4831
5885
7209
9071
10939
12580
14226
15917
17830
19341
20708
22579
24752
27094
29291
31192
32951
34176
35195
36125
36878
37590
38363
39176
39815
40459
41113
41724
42490
43426
44411
45484
46611
47617
48372
49038
49645
50218
50675
50995
51307
51630
51986
52248
52391
52480
52565
52639
52717
52786
52848
52912
52977
53031
53075
53137
53195
53249
53293
53351
53397
53440
53481
53520
53566
53609
53646
53689
53747
53783
53813
53835
53868
53889
53921
53944
53972
53999
54021
54049
54074
54098
54124
54156
54181
54207
54236
54260
54280
54306
54325
54352
54373
54396
54423
54456
54484
54504
54528
54567
54585
54615
54645
54681
54716
54745
54778
54829
54867
54905
54951
55017
55065
55120
55189
55283
55388
55539
55737
55982
56360
56963
57968
60053
64171
64851
65181
65373
65449
65496
65515
65523
65530
65532
65534
65536
65536
65536
65536
65536
65536
65536
65536
65536
65536
65536
65536
65536
65536
65536
65536
65536
65536
65536
65536
65536
65536
65536
65536
65536
65536
65536
65536
65536
65536
65536
65536
65536
65536
65536
65536
65536
65536
65536
65536
65536
65536
65536
65536
65536
65536
65536
65536
65536
65536
65536
65536
65536
65536
65536
65536
65536
65536
65536
65536
65536
65536
65536
65536
65536
65536
65536
65536
65536
65536
65536
65536
65536
65536
65536
65536
65536
65536
65536
65536
65536
65536
65536
65536
65536
65536
65536
65536
