0.000000
0.000000
0.000000
0.000000
0.000000
0.000000
0.000000
0.000000
0.000000
0.000000
0.000000
0.000000
0.000000
0.000000
0.000000
0.000000
0.000000
0.000000
0.000031
0.000046
0.000076
0.000107
0.000092
0.000229
0.000214
0.000229
0.000244
0.000504
0.000839
0.003296
0.011490
0.013382
0.021896
0.021042
0.016083
0.020203
0.028412
0.028503
0.025040
0.025116
0.025803
0.029190
0.023056
0.020859
0.028549
0.033157
0.035736
0.033524
0.029007
0.026840
0.018692
0.015549
0.014191
0.011490
0.010864
0.011795
0.012405
0.009750
0.009827
0.009979
0.009323
0.011688
0.014282
0.015030
0.016373
0.017197
0.015350
0.011520
0.010162
0.009262
0.008743
0.006973
0.004883
0.004761
0.004929
0.005432
0.003998
0.002182
0.001358
0.001297
0.001129
0.001190
0.001053
0.000946
0.000977
0.000992
0.000824
0.000671
0.000946
0.000885
0.000824
0.000671
0.000885
0.000702
0.000656
0.000626
0.000595
0.000702
0.000656
0.000565
0.000656
0.000885
0.000549
0.000458
0.000336
0.000504
0.000320
0.000488
0.000351
0.000427
0.000412
0.000336
0.000427
0.000381
0.000366
0.000397
0.000488
0.000381
0.000397
0.000443
0.000366
0.000305
0.000397
0.000290
0.000412
0.000320
0.000351
0.000412
0.000504
0.000427
0.000305
0.000366
0.000595
0.000275
0.000458
0.000458
0.000549
0.000534
0.000443
0.000504
0.000778
0.000580
0.000580
0.000702
0.001007
0.000732
0.000839
0.001053
0.001434
0.001602
0.002304
0.003021
0.003738
0.005768
0.009201
0.015335
0.031815
0.062836
0.010376
0.005035
0.002930
0.001160
0.000717
0.000290
0.000122
0.000107
0.000031
0.000031
0.000031
0.000000
0.000000
0.000000
0.000000
0.000000
0.000000
0.000000
0.000000
0.000000
0.000000
0.000000
0.000000
0.000000
0.000000
0.000000
0.000000
0.000000
0.000000
0.000000
0.000000
0.000000
0.000000
0.000000
0.000000
0.000000
0.000000
0.000000
0.000000
0.000000
0.000000
0.000000
0.000000
0.000000
0.000000
0.000000
0.000000
0.000000
0.000000
0.000000
0.000000
0.000000
0.000000
0.000000
0.000000
0.000000
0.000000
0.000000
0.000000
0.000000
0.000000
0.000000
0.000000
0.000000
0.000000
0.000000
0.000000
0.000000
0.000000
0.000000
0.000000
0.000000
0.000000
0.000000
0.000000
0.000000
0.000000
0.000000
0.000000
0.000000
0.000000
0.000000
0.000000
0.000000
0.000000
0.000000
0.000000
0.000000
0.000000
0.000000
0.000000
0.000000
0.000000
0.000000
0.000000
0.000000
0.000000
0.000000
