0
0
0
0
0
0
0
0
0
0
0
0
0
0
0
0
0
0
0
0
0
0
0
0
0
0
0
0
0
1
4
7
13
18
22
28
35
42
48
55
61
69
75
80
87
96
105
113
121
128
132
136
140
143
146
149
152
154
157
159
162
165
168
172
176
181
185
188
190
193
195
197
198
199
200
202
203
203
204
204
204
205
205
205
205
206
206
206
206
206
207
207
207
207
207
208
208
208
208
208
208
209
209
209
209
209
209
209
209
210
210
210
210
210
210
210
210
210
210
211
211
211
211
211
211
211
211
211
211
211
212
212
212
212
212
212
212
212
213
213
213
213
213
213
214
214
214
214
215
215
216
216
217
219
221
225
233
249
252
253
254
254
254
254
254
254
254
254
255
255
255
255
255
255
255
255
255
255
255
255
255
255
255
255
255
255
255
255
255
255
255
255
255
255
255
255
255
255
255
255
255
255
255
255
255
255
255
255
255
255
255
255
255
255
255
255
255
255
255
255
255
255
255
255
255
255
255
255
255
255
255
255
255
255
255
255
255
255
255
255
255
255
255
255
255
255
255
255
255
255
255
255
255
255
255
255
